7 0.174438 0.242667 0.176638 0.096112
7 0.171700 0.334895 0.163863 0.078662
7 0.155298 0.417673 0.118565 0.063559
6 0.331317 0.238914 0.127960 0.089814
6 0.338345 0.325989 0.133210 0.080951
6 0.337411 0.393688 0.114586 0.081531
8 0.498042 0.221629 0.191777 0.071048
8 0.493349 0.287977 0.192480 0.049089
8 0.493959 0.347432 0.146469 0.043850
8 0.495840 0.389278 0.126028 0.031353
4 0.654568 0.222186 0.153297 0.080200
4 0.683505 0.307289 0.148919 0.084468
4 0.691066 0.374050 0.128444 0.069426
3 0.188238 0.573241 0.243904 0.133460
3 0.187103 0.705617 0.225470 0.120967
3 0.171762 0.832600 0.177627 0.133670
1 0.410863 0.552129 0.242007 0.145194
1 0.416875 0.681443 0.216652 0.120482
1 0.416955 0.797479 0.183985 0.111691
2 0.623809 0.516694 0.229724 0.125724
2 0.638579 0.617468 0.200909 0.115964
2 0.640410 0.701297 0.159954 0.081278
3 0.879677 0.187329 0.127273 0.102722
1 0.928159 0.282235 0.096022 0.069387
0 0.824179 0.512803 0.216641 0.143568
0 0.863627 0.634740 0.196713 0.135845
5 0.933445 0.871083 0.132869 0.257833
