5 0.389881 0.715534 0.407790 0.307611
5 0.760323 0.787897 0.326706 0.248914
1 0.086720 0.457801 0.081303 0.057164
1 0.150659 0.407761 0.100460 0.076052
1 0.221184 0.348810 0.125963 0.075536
1 0.721956 0.321539 0.078086 0.048547
1 0.805303 0.350190 0.095696 0.068252
1 0.915819 0.388569 0.129116 0.073088
3 0.103649 0.317763 0.137761 0.062160
3 0.047861 0.378559 0.090428 0.064817
3 0.766992 0.260806 0.065352 0.037410
3 0.844005 0.281328 0.082879 0.055827
3 0.943805 0.315915 0.097177 0.069661
2 0.357836 0.379916 0.116886 0.071417
2 0.302475 0.424933 0.101539 0.061022
2 0.248838 0.468060 0.076747 0.058280
0 0.478073 0.422737 0.112199 0.078914
0 0.422406 0.476275 0.097142 0.064604
0 0.640567 0.480253 0.076705 0.068915
0 0.723760 0.512101 0.088994 0.088642
0 0.831251 0.553078 0.134757 0.093215
7 0.282290 0.165955 0.113893 0.036228
7 0.220944 0.202708 0.132724 0.034193
7 0.165078 0.240201 0.085226 0.036446
6 0.273867 0.265139 0.076865 0.050956
6 0.332455 0.225746 0.087205 0.054467
6 0.384344 0.180725 0.071621 0.066604
8 0.475987 0.206861 0.126550 0.071643
8 0.433401 0.237552 0.093415 0.051903
8 0.393368 0.265596 0.097930 0.040806
8 0.361987 0.288979 0.066418 0.036766
4 0.584506 0.231819 0.110788 0.072745
4 0.540166 0.284179 0.114296 0.059173
4 0.496729 0.321212 0.069849 0.044285
2 0.729804 0.410154 0.066371 0.043605
2 0.798954 0.435452 0.084491 0.064213
2 0.899551 0.462898 0.096188 0.068906
