4 0.305014 0.428759 0.101189 0.074795
4 0.345075 0.462285 0.089164 0.065264
4 0.378645 0.492507 0.077241 0.056353
8 0.226927 0.475577 0.103976 0.061363
8 0.256970 0.504890 0.090964 0.054792
8 0.278752 0.532859 0.070014 0.042455
8 0.295487 0.550571 0.059830 0.035484
6 0.161713 0.524075 0.084637 0.063757
6 0.200073 0.561011 0.082661 0.061003
6 0.236963 0.594387 0.077224 0.057982
7 0.094435 0.569754 0.112341 0.083094
7 0.130633 0.607798 0.097184 0.071344
7 0.159322 0.645213 0.077518 0.058472
3 0.241823 0.698177 0.134025 0.098680
3 0.293298 0.751155 0.110475 0.082508
3 0.331910 0.798064 0.100268 0.074055
3 0.391354 0.354561 0.064196 0.047844
3 0.437659 0.330906 0.079633 0.059875
3 0.497542 0.295850 0.097043 0.072841
1 0.450974 0.384335 0.079375 0.058809
1 0.502084 0.361781 0.085253 0.064272
1 0.564229 0.327927 0.114196 0.085103
1 0.420546 0.730882 0.113503 0.085400
1 0.329187 0.637725 0.142012 0.104991
1 0.380241 0.684808 0.105522 0.077267
2 0.639679 0.360696 0.098180 0.075301
2 0.591262 0.389944 0.085037 0.066513
2 0.545842 0.409711 0.070130 0.055340
2 0.407526 0.569081 0.123146 0.087480
2 0.444383 0.610617 0.122909 0.083683
2 0.479731 0.644549 0.082532 0.058168
0 0.488891 0.521958 0.090121 0.067099
0 0.544590 0.561696 0.083080 0.056756
0 0.592349 0.465094 0.060822 0.047556
0 0.648524 0.435931 0.076181 0.050808
0 0.707235 0.400445 0.092474 0.061261
5 0.765931 0.624753 0.299018 0.198265
5 0.891729 0.472135 0.215521 0.125376
