5 0.773824 0.223737 0.294098 0.210010
5 0.815655 0.463890 0.357317 0.259637
3 0.094041 0.256639 0.121816 0.073874
3 0.082309 0.336811 0.100425 0.057555
3 0.067388 0.400732 0.074104 0.041943
3 0.414742 0.847664 0.106083 0.110849
3 0.529758 0.868071 0.084568 0.085295
3 0.625925 0.887296 0.074382 0.070523
1 0.205363 0.256068 0.113070 0.092588
1 0.198750 0.335420 0.106445 0.065661
1 0.179922 0.397953 0.079360 0.050845
1 0.423014 0.741461 0.130010 0.091575
1 0.523118 0.757888 0.080995 0.087162
1 0.614145 0.774385 0.076456 0.070541
2 0.334511 0.233994 0.137429 0.078883
2 0.318613 0.306975 0.116654 0.061800
2 0.304371 0.358016 0.084035 0.047098
0 0.458848 0.242509 0.115878 0.095797
0 0.451722 0.329634 0.110528 0.069643
0 0.440582 0.400188 0.071408 0.057644
0 0.411379 0.530513 0.128488 0.102445
0 0.519761 0.536639 0.092674 0.082593
2 0.404840 0.639567 0.097266 0.100063
2 0.491535 0.638773 0.074359 0.081571
2 0.557400 0.656316 0.062502 0.070146
4 0.097496 0.546543 0.101503 0.086153
4 0.192987 0.555444 0.088757 0.075932
4 0.270626 0.564822 0.066567 0.059098
8 0.085663 0.644646 0.058472 0.104756
8 0.152309 0.651292 0.034788 0.097481
8 0.219747 0.665396 0.042752 0.082536
8 0.264958 0.673026 0.036187 0.056076
6 0.101243 0.725995 0.111464 0.056804
6 0.185489 0.736717 0.098754 0.042499
6 0.265417 0.750276 0.070323 0.045485
7 0.099069 0.812493 0.096863 0.093197
7 0.184330 0.828803 0.092443 0.085669
7 0.264188 0.844888 0.068255 0.084153
