5 0.409960 0.741139 0.324401 0.325161
5 0.761277 0.717312 0.340986 0.282920
7 0.054975 0.158914 0.093361 0.080656
7 0.042229 0.244434 0.076035 0.063204
7 0.026364 0.308682 0.045596 0.050129
6 0.135140 0.145564 0.058247 0.084771
6 0.121227 0.227126 0.070857 0.072781
6 0.107370 0.284890 0.061820 0.050294
8 0.223646 0.119408 0.118634 0.035455
8 0.210690 0.187594 0.098280 0.021892
8 0.199896 0.242087 0.080201 0.034486
8 0.181637 0.275767 0.067076 0.022518
4 0.338594 0.103905 0.114746 0.083065
4 0.322512 0.187778 0.111499 0.082745
4 0.310936 0.258061 0.083265 0.057084
3 0.527204 0.041023 0.070134 0.072225
3 0.631210 0.042347 0.099945 0.079034
3 0.763188 0.037903 0.119273 0.073647
1 0.525968 0.151390 0.081671 0.075536
1 0.612222 0.151681 0.121176 0.098241
1 0.768328 0.145915 0.161777 0.127577
2 0.569716 0.273725 0.064961 0.097388
2 0.660479 0.277289 0.091181 0.118497
2 0.767487 0.275949 0.127054 0.131292
0 0.501674 0.404879 0.083626 0.083256
0 0.603414 0.409447 0.114178 0.098401
0 0.745921 0.416427 0.153380 0.130172
0 0.341947 0.396250 0.115659 0.100379
0 0.327700 0.485501 0.086689 0.084362
2 0.220268 0.392580 0.107233 0.084673
2 0.209472 0.466772 0.096911 0.061986
2 0.193858 0.522685 0.077381 0.051591
1 0.120605 0.409487 0.100425 0.086998
1 0.097982 0.492505 0.075289 0.073270
1 0.082386 0.556887 0.080456 0.071785
3 0.028909 0.413910 0.057819 0.077356
3 0.020966 0.496686 0.041933 0.047040
3 0.008683 0.562467 0.017366 0.038150
