4 0.056862 0.179821 0.110445 0.151624
4 0.035450 0.328445 0.068830 0.121190
3 0.372932 0.134276 0.123919 0.102779
3 0.528143 0.154574 0.135225 0.139456
3 0.728112 0.171277 0.178676 0.164249
1 0.373720 0.310622 0.145168 0.111587
1 0.525198 0.331196 0.170351 0.145926
1 0.729229 0.346897 0.218181 0.179044
2 0.455707 0.500136 0.113709 0.121239
2 0.589113 0.523667 0.140220 0.150810
2 0.758377 0.538095 0.184157 0.176288
0 0.076072 0.661885 0.149019 0.166173
0 0.052483 0.833409 0.101912 0.141447
0 0.353040 0.699380 0.153274 0.127608
0 0.531180 0.724080 0.161232 0.188287
0 0.740094 0.736910 0.217796 0.188598
