5 0.387271 0.165320 0.326712 0.253207
5 0.690453 0.325743 0.391762 0.265490
0 0.203019 0.356749 0.145914 0.098072
0 0.294108 0.424657 0.116222 0.073483
0 0.358921 0.474949 0.081546 0.057711
0 0.555785 0.519201 0.106427 0.076834
0 0.469161 0.557915 0.121833 0.073256
2 0.121754 0.430403 0.131178 0.063226
2 0.187444 0.481337 0.090896 0.045681
2 0.239701 0.515352 0.066389 0.033131
2 0.576761 0.622808 0.076610 0.068252
2 0.642175 0.591177 0.093918 0.070088
2 0.692314 0.569281 0.064025 0.055431
1 0.058767 0.500553 0.110533 0.077918
1 0.194806 0.591619 0.082192 0.041357
1 0.135475 0.550387 0.119676 0.044459
3 0.015826 0.558968 0.031652 0.060734
3 0.070233 0.604689 0.079117 0.051543
3 0.134968 0.646102 0.053163 0.042374
3 0.856372 0.695322 0.074513 0.061844
3 0.935562 0.663309 0.073973 0.043859
3 0.762385 0.725440 0.092034 0.063035
1 0.672146 0.669413 0.115736 0.083824
1 0.759973 0.642298 0.094878 0.070354
1 0.840145 0.610491 0.093267 0.063155
4 0.293590 0.704124 0.100194 0.062853
4 0.365323 0.670084 0.083010 0.057809
4 0.415965 0.645900 0.071082 0.043881
8 0.381935 0.751340 0.095826 0.059844
8 0.437537 0.727791 0.070815 0.058138
8 0.488982 0.711879 0.087347 0.072477
8 0.521302 0.701564 0.067681 0.048995
6 0.470165 0.792528 0.123380 0.088286
6 0.539621 0.760026 0.111559 0.083934
6 0.596638 0.735892 0.103530 0.073533
7 0.550446 0.828892 0.128754 0.081854
7 0.617917 0.805609 0.093053 0.062093
7 0.671575 0.783146 0.081460 0.060155
