2 0.673824 0.200084 0.070451 0.091109
2 0.755438 0.209270 0.093840 0.116953
2 0.283192 0.416342 0.108345 0.112526
2 0.270906 0.528126 0.087143 0.088866
2 0.259692 0.617331 0.066068 0.074670
5 0.181158 0.274450 0.061721 0.061578
5 0.196755 0.197669 0.075167 0.071683
5 0.206512 0.101618 0.085989 0.089965
6 0.287204 0.100467 0.064732 0.098805
6 0.281018 0.195281 0.063346 0.081053
6 0.266914 0.270691 0.048030 0.065085
8 0.374976 0.091465 0.101278 0.066386
8 0.363535 0.163157 0.092653 0.049988
8 0.356350 0.225074 0.078329 0.039829
8 0.343599 0.267646 0.062885 0.030450
0 0.467763 0.098478 0.082527 0.105717
0 0.461578 0.194657 0.073219 0.086677
0 0.452087 0.274627 0.052171 0.067996
2 0.611675 0.183007 0.054795 0.066471
4 0.176652 0.425167 0.107225 0.101111
4 0.164434 0.537325 0.089746 0.083627
4 0.155101 0.621091 0.073657 0.077169
7 0.557828 0.806387 0.251546 0.364473
7 0.789075 0.759884 0.194984 0.275399
1 0.386248 0.402998 0.089569 0.098862
1 0.377338 0.490452 0.085512 0.074309
1 0.365599 0.563901 0.066513 0.061410
3 0.482503 0.416461 0.082402 0.116148
3 0.478754 0.523565 0.072383 0.093823
1 0.644992 0.311103 0.050610 0.083921
1 0.698890 0.316215 0.064194 0.098382
1 0.767839 0.332438 0.077323 0.115878
3 0.614060 0.436619 0.060935 0.075168
3 0.679024 0.453096 0.074834 0.101834
3 0.764071 0.466661 0.083692 0.119116
