7 0.075954 0.630599 0.146187 0.258957
7 0.102740 0.865013 0.195990 0.216263
3 0.347559 0.632829 0.093758 0.076456
3 0.358636 0.716336 0.101586 0.082558
3 0.354243 0.819655 0.152977 0.107805
3 0.227808 0.503557 0.096763 0.087278
3 0.349573 0.499651 0.130236 0.105054
1 0.173780 0.397197 0.054253 0.066461
1 0.241961 0.394808 0.067722 0.086731
1 0.334458 0.386353 0.099447 0.118226
2 0.101401 0.312653 0.064303 0.050605
2 0.187557 0.297158 0.079223 0.092882
2 0.300703 0.284233 0.109182 0.108902
4 0.089369 0.208932 0.059663 0.068541
4 0.166921 0.199779 0.077772 0.084233
4 0.273461 0.182865 0.091531 0.096383
4 0.815456 0.574294 0.107209 0.076034
4 0.835567 0.654950 0.113834 0.090939
4 0.856072 0.770483 0.193715 0.119968
2 0.659735 0.593190 0.089374 0.085002
2 0.665424 0.678519 0.134881 0.093966
2 0.678709 0.784591 0.156035 0.125261
1 0.509596 0.657601 0.106723 0.056467
1 0.511279 0.732773 0.123635 0.073594
1 0.517696 0.819559 0.174475 0.091348
5 0.419636 0.135398 0.089516 0.048938
5 0.522555 0.121072 0.125235 0.056489
5 0.631649 0.103463 0.153748 0.085869
6 0.660849 0.189754 0.145654 0.076225
6 0.446455 0.222009 0.077037 0.058484
6 0.544278 0.214774 0.110101 0.085860
8 0.471019 0.304302 0.033977 0.072194
8 0.595557 0.303358 0.051948 0.105121
8 0.696298 0.285299 0.057394 0.138545
8 0.521616 0.304547 0.047842 0.081296
0 0.494643 0.425166 0.077932 0.069337
0 0.594695 0.412136 0.107346 0.086962
0 0.736319 0.402657 0.145363 0.102792
